[gd_scene load_steps=13 format=3 uid="uid://fo1vyah4w13l"]

[ext_resource type="Script" path="res://addons/behav_tree_for_groups/behavior_tree_for_groups.gd" id="1_scoi1"]
[ext_resource type="Script" path="res://addons/behav_tree_for_groups/behavior.gd" id="2_f5e2u"]
[ext_resource type="Script" path="res://addons/behav_tree_for_groups/sequential.gd" id="3_k3ks6"]
[ext_resource type="Script" path="res://addons/behav_tree_for_groups/if_step_between.gd" id="4_l48if"]
[ext_resource type="Script" path="res://addons/behav_tree_for_groups/force_random.gd" id="5_xlq7b"]
[ext_resource type="Script" path="res://addons/behav_tree_for_groups/if_proba.gd" id="6_mq2gc"]
[ext_resource type="Script" path="res://addons/behav_tree_for_groups/delete.gd" id="7_5vguw"]
[ext_resource type="Script" path="res://addons/behav_tree_for_groups/add_spring_on_contact.gd" id="8_abih6"]
[ext_resource type="Script" path="res://addons/behav_tree_for_groups/stay_in_box.gd" id="9_a48fm"]
[ext_resource type="PackedScene" uid="uid://cmh2j5wto6rrp" path="res://examples/various/agent_b.tscn" id="10_60jk1"]
[ext_resource type="PackedScene" uid="uid://cnp1sb4hijc2o" path="res://examples/various/agent_c.tscn" id="11_dnegi"]

[sub_resource type="BoxMesh" id="BoxMesh_ccvj4"]
flip_faces = true

[node name="ExampleCellsAdhesion" type="Node3D"]

[node name="BehavTreeForGroups" type="Node" parent="."]
script = ExtResource("1_scoi1")

[node name="Agent-B" type="Node" parent="BehavTreeForGroups"]
script = ExtResource("2_f5e2u")
on_group = "Agent-B"

[node name="MvtRandom" type="Node" parent="BehavTreeForGroups/Agent-B"]
script = ExtResource("3_k3ks6")

[node name="IfStepBetween" type="Node" parent="BehavTreeForGroups/Agent-B/MvtRandom"]
script = ExtResource("4_l48if")
step_end = 10000000

[node name="ForceRandom" type="Node" parent="BehavTreeForGroups/Agent-B/MvtRandom"]
script = ExtResource("5_xlq7b")
F = Vector3(0.1, 0.1, 0.1)

[node name="DeathRandom" type="Node" parent="BehavTreeForGroups/Agent-B"]
script = ExtResource("3_k3ks6")

[node name="IfStepBetween" type="Node" parent="BehavTreeForGroups/Agent-B/DeathRandom"]
script = ExtResource("4_l48if")
step_start = 100000
step_end = 100000000

[node name="IfProba" type="Node" parent="BehavTreeForGroups/Agent-B/DeathRandom"]
script = ExtResource("6_mq2gc")
proba = 0.001

[node name="Delete" type="Node" parent="BehavTreeForGroups/Agent-B/DeathRandom"]
script = ExtResource("7_5vguw")

[node name="AddSpringOnContact" type="Node" parent="BehavTreeForGroups/Agent-B"]
script = ExtResource("8_abih6")
with_group = "Agent-B"
max_links = 10

[node name="StayInBox" type="Node" parent="BehavTreeForGroups/Agent-B"]
script = ExtResource("9_a48fm")
min = Vector3(-2, -0.2, -2)
max = Vector3(2, 0.2, 2)

[node name="Agent-C" type="Node" parent="BehavTreeForGroups"]
script = ExtResource("2_f5e2u")
on_group = "Agent-C"

[node name="Sequential" type="Node" parent="BehavTreeForGroups/Agent-C"]
script = ExtResource("3_k3ks6")

[node name="IfStepBetween" type="Node" parent="BehavTreeForGroups/Agent-C/Sequential"]
script = ExtResource("4_l48if")
step_end = 10000000

[node name="ForceRandom" type="Node" parent="BehavTreeForGroups/Agent-C/Sequential"]
script = ExtResource("5_xlq7b")
F = Vector3(0.1, 0.1, 0.1)

[node name="AddSpringOnContact" type="Node" parent="BehavTreeForGroups/Agent-C"]
script = ExtResource("8_abih6")
with_group = "Agent-C"
max_links = 10

[node name="StayInBox" type="Node" parent="BehavTreeForGroups/Agent-C"]
script = ExtResource("9_a48fm")
min = Vector3(-2, -0.2, -2)
max = Vector3(2, 0.2, 2)

[node name="Agent-B" parent="." instance=ExtResource("10_60jk1")]
transform = Transform3D(1, 0, 0, 0, 1, 0, 0, 0, 1, -0.369118, -0.0464584, 0.608278)
gravity_scale = 0.0
linear_damp = 1.0

[node name="Agent-B2" parent="." instance=ExtResource("10_60jk1")]
transform = Transform3D(1, 0, 0, 0, 1, 0, 0, 0, 1, -0.369118, 0.596212, 0)
gravity_scale = 0.0
linear_damp = 1.0

[node name="Agent-B3" parent="." instance=ExtResource("10_60jk1")]
transform = Transform3D(1, 0, 0, 0, 1, 0, 0, 0, 1, -1.11211, -0.0464584, 0)
gravity_scale = 0.0
linear_damp = 1.0

[node name="Agent-B4" parent="." instance=ExtResource("10_60jk1")]
transform = Transform3D(1, 0, 0, 0, 1, 0, 0, 0, 1, -0.788736, 0.658708, 0.290547)
gravity_scale = 0.0
linear_damp = 1.0

[node name="Agent-B5" parent="." instance=ExtResource("10_60jk1")]
transform = Transform3D(1, 0, 0, 0, 1, 0, 0, 0, 1, 0.728271, -0.0464584, 0.29932)
gravity_scale = 0.0
linear_damp = 1.0

[node name="Agent-B6" parent="." instance=ExtResource("10_60jk1")]
transform = Transform3D(1, 0, 0, 0, 1, 0, 0, 0, 1, -0.861597, -0.0464584, -0.252168)
gravity_scale = 0.0
linear_damp = 1.0

[node name="Agent-B7" parent="." instance=ExtResource("10_60jk1")]
transform = Transform3D(1, 0, 0, 0, 1, 0, 0, 0, 1, -0.801697, -0.0464584, 0.318857)
gravity_scale = 0.0
linear_damp = 1.0

[node name="Agent-B8" parent="." instance=ExtResource("10_60jk1")]
transform = Transform3D(1, 0, 0, 0, 1, 0, 0, 0, 1, -0.369118, -0.0464584, 0.136082)
gravity_scale = 0.0
linear_damp = 1.0

[node name="Agent-C" parent="." instance=ExtResource("11_dnegi")]
transform = Transform3D(1, 0, 0, 0, 1, 0, 0, 0, 1, -1.17793, 0.0459936, 0.53669)
gravity_scale = 0.0
linear_damp = 1.0

[node name="Agent-C2" parent="." instance=ExtResource("11_dnegi")]
transform = Transform3D(1, 0, 0, 0, 1, 0, 0, 0, 1, 0.412403, 0.766093, 0.465419)
gravity_scale = 0.0
linear_damp = 1.0

[node name="Agent-C3" parent="." instance=ExtResource("11_dnegi")]
transform = Transform3D(1, 0, 0, 0, 1, 0, 0, 0, 1, -0.752535, 0.395619, 0)
gravity_scale = 0.0
linear_damp = 1.0

[node name="Agent-C4" parent="." instance=ExtResource("11_dnegi")]
transform = Transform3D(1, 0, 0, 0, 1, 0, 0, 0, 1, -0.804249, 0.0459936, 0.833219)
gravity_scale = 0.0
linear_damp = 1.0

[node name="Agent-C5" parent="." instance=ExtResource("11_dnegi")]
transform = Transform3D(1, 0, 0, 0, 1, 0, 0, 0, 1, -0.0408186, -0.280645, 0.259198)
gravity_scale = 0.0
linear_damp = 1.0

[node name="Agent-C6" parent="." instance=ExtResource("11_dnegi")]
transform = Transform3D(1, 0, 0, 0, 1, 0, 0, 0, 1, -0.893142, 0.339197, -0.556847)
gravity_scale = 0.0
linear_damp = 1.0

[node name="Agent-C7" parent="." instance=ExtResource("11_dnegi")]
transform = Transform3D(1, 0, 0, 0, 1, 0, 0, 0, 1, 0.412403, 0.813103, -0.390274)
gravity_scale = 0.0
linear_damp = 1.0

[node name="Agent-C8" parent="." instance=ExtResource("11_dnegi")]
transform = Transform3D(1, 0, 0, 0, 1, 0, 0, 0, 1, 0.412403, 0.0459936, 0)
gravity_scale = 0.0
linear_damp = 1.0

[node name="Agent-B9" parent="." instance=ExtResource("10_60jk1")]
transform = Transform3D(1, 0, 0, 0, 1, 0, 0, 0, 1, -0.369118, -0.673368, 0.420949)
gravity_scale = 0.0
linear_damp = 1.0

[node name="Agent-B10" parent="." instance=ExtResource("10_60jk1")]
transform = Transform3D(1, 0, 0, 0, 1, 0, 0, 0, 1, -0.369118, -0.0306976, -0.187329)
gravity_scale = 0.0
linear_damp = 1.0

[node name="Agent-B11" parent="." instance=ExtResource("10_60jk1")]
transform = Transform3D(1, 0, 0, 0, 1, 0, 0, 0, 1, -1.11211, -0.673368, -0.187329)
gravity_scale = 0.0
linear_damp = 1.0

[node name="Agent-B12" parent="." instance=ExtResource("10_60jk1")]
transform = Transform3D(1, 0, 0, 0, 1, 0, 0, 0, 1, -0.788736, 0.0317984, 0.103219)
gravity_scale = 0.0
linear_damp = 1.0

[node name="Agent-B13" parent="." instance=ExtResource("10_60jk1")]
transform = Transform3D(1, 0, 0, 0, 1, 0, 0, 0, 1, 0.728271, -0.673368, 0.111992)
gravity_scale = 0.0
linear_damp = 1.0

[node name="Agent-B14" parent="." instance=ExtResource("10_60jk1")]
transform = Transform3D(1, 0, 0, 0, 1, 0, 0, 0, 1, -0.861597, -0.673368, -0.439496)
gravity_scale = 0.0
linear_damp = 1.0

[node name="Agent-B15" parent="." instance=ExtResource("10_60jk1")]
transform = Transform3D(1, 0, 0, 0, 1, 0, 0, 0, 1, -0.801697, -0.673368, 0.131528)
gravity_scale = 0.0
linear_damp = 1.0

[node name="Agent-B16" parent="." instance=ExtResource("10_60jk1")]
transform = Transform3D(1, 0, 0, 0, 1, 0, 0, 0, 1, -0.369118, -0.673368, -0.0512466)
gravity_scale = 0.0
linear_damp = 1.0

[node name="Agent-C9" parent="." instance=ExtResource("11_dnegi")]
transform = Transform3D(1, 0, 0, 0, 1, 0, 0, 0, 1, -1.17793, -0.580916, 0.349361)
gravity_scale = 0.0
linear_damp = 1.0

[node name="Agent-C10" parent="." instance=ExtResource("11_dnegi")]
transform = Transform3D(1, 0, 0, 0, 1, 0, 0, 0, 1, 0.412403, 0.139184, 0.27809)
gravity_scale = 0.0
linear_damp = 1.0

[node name="Agent-C11" parent="." instance=ExtResource("11_dnegi")]
transform = Transform3D(1, 0, 0, 0, 1, 0, 0, 0, 1, -0.752535, -0.231291, -0.187329)
gravity_scale = 0.0
linear_damp = 1.0

[node name="Agent-C12" parent="." instance=ExtResource("11_dnegi")]
transform = Transform3D(1, 0, 0, 0, 1, 0, 0, 0, 1, -0.804249, -0.580916, 0.64589)
gravity_scale = 0.0
linear_damp = 1.0

[node name="Agent-C13" parent="." instance=ExtResource("11_dnegi")]
transform = Transform3D(1, 0, 0, 0, 1, 0, 0, 0, 1, -0.0408186, -0.907554, 0.0718691)
gravity_scale = 0.0
linear_damp = 1.0

[node name="Agent-C14" parent="." instance=ExtResource("11_dnegi")]
transform = Transform3D(1, 0, 0, 0, 1, 0, 0, 0, 1, -0.893142, -0.287712, -0.744176)
gravity_scale = 0.0
linear_damp = 1.0

[node name="Agent-C15" parent="." instance=ExtResource("11_dnegi")]
transform = Transform3D(1, 0, 0, 0, 1, 0, 0, 0, 1, 0.412403, 0.186193, -0.577602)
gravity_scale = 0.0
linear_damp = 1.0

[node name="Agent-C16" parent="." instance=ExtResource("11_dnegi")]
transform = Transform3D(1, 0, 0, 0, 1, 0, 0, 0, 1, 0.412403, -0.580916, -0.187329)
gravity_scale = 0.0
linear_damp = 1.0

[node name="Agent-B17" parent="." instance=ExtResource("10_60jk1")]
transform = Transform3D(-0.999995, 0, 0.00300207, 0, 1, 0, -0.00300207, 0, -0.999995, 0.0727252, -0.305096, -0.448138)
gravity_scale = 0.0
linear_damp = 1.0

[node name="Agent-B18" parent="." instance=ExtResource("10_60jk1")]
transform = Transform3D(-0.999995, 0, 0.00300207, 0, 1, 0, -0.00300207, 0, -0.999995, 0.0708991, 0.337575, 0.160137)
gravity_scale = 0.0
linear_damp = 1.0

[node name="Agent-B19" parent="." instance=ExtResource("10_60jk1")]
transform = Transform3D(-0.999995, 0, 0.00300207, 0, 1, 0, -0.00300207, 0, -0.999995, 0.813883, -0.305096, 0.162368)
gravity_scale = 0.0
linear_damp = 1.0

[node name="Agent-B20" parent="." instance=ExtResource("10_60jk1")]
transform = Transform3D(-0.999995, 0, 0.00300207, 0, 1, 0, -0.00300207, 0, -0.999995, 0.491388, 0.400071, -0.129149)
gravity_scale = 0.0
linear_damp = 1.0

[node name="Agent-B21" parent="." instance=ExtResource("10_60jk1")]
transform = Transform3D(-0.999995, 0, 0.00300207, 0, 1, 0, -0.00300207, 0, -0.999995, -1.02559, -0.305096, -0.142476)
gravity_scale = 0.0
linear_damp = 1.0

[node name="Agent-B22" parent="." instance=ExtResource("10_60jk1")]
transform = Transform3D(-0.999995, 0, 0.00300207, 0, 1, 0, -0.00300207, 0, -0.999995, 0.562618, -0.305096, 0.413782)
gravity_scale = 0.0
linear_damp = 1.0

[node name="Agent-B23" parent="." instance=ExtResource("10_60jk1")]
transform = Transform3D(-0.999995, 0, 0.00300207, 0, 1, 0, -0.00300207, 0, -0.999995, 0.504434, -0.305096, -0.15742)
gravity_scale = 0.0
linear_damp = 1.0

[node name="Agent-B24" parent="." instance=ExtResource("10_60jk1")]
transform = Transform3D(-0.999995, 0, 0.00300207, 0, 1, 0, -0.00300207, 0, -0.999995, 0.0713076, -0.305096, 0.0240556)
gravity_scale = 0.0
linear_damp = 1.0

[node name="Agent-C17" parent="." instance=ExtResource("11_dnegi")]
transform = Transform3D(-0.999995, 0, 0.00300207, 0, 1, 0, -0.00300207, 0, -0.999995, 0.881314, -0.212644, -0.374122)
gravity_scale = 0.0
linear_damp = 1.0

[node name="Agent-C18" parent="." instance=ExtResource("11_dnegi")]
transform = Transform3D(-0.999995, 0, 0.00300207, 0, 1, 0, -0.00300207, 0, -0.999995, -0.709221, 0.507456, -0.307626)
gravity_scale = 0.0
linear_damp = 1.0

[node name="Agent-C19" parent="." instance=ExtResource("11_dnegi")]
transform = Transform3D(-0.999995, 0, 0.00300207, 0, 1, 0, -0.00300207, 0, -0.999995, 0.454315, 0.136981, 0.161288)
gravity_scale = 0.0
linear_damp = 1.0

[node name="Agent-C20" parent="." instance=ExtResource("11_dnegi")]
transform = Transform3D(-0.999995, 0, 0.00300207, 0, 1, 0, -0.00300207, 0, -0.999995, 0.508529, -0.212644, -0.671772)
gravity_scale = 0.0
linear_damp = 1.0

[node name="Agent-C21" parent="." instance=ExtResource("11_dnegi")]
transform = Transform3D(-0.999995, 0, 0.00300207, 0, 1, 0, -0.00300207, 0, -0.999995, -0.256621, -0.539282, -0.100045)
gravity_scale = 0.0
linear_damp = 1.0

[node name="Agent-C22" parent="." instance=ExtResource("11_dnegi")]
transform = Transform3D(-0.999995, 0, 0.00300207, 0, 1, 0, -0.00300207, 0, -0.999995, 0.593249, 0.0805602, 0.718555)
gravity_scale = 0.0
linear_damp = 1.0

[node name="Agent-C23" parent="." instance=ExtResource("11_dnegi")]
transform = Transform3D(-0.999995, 0, 0.00300207, 0, 1, 0, -0.00300207, 0, -0.999995, -0.71179, 0.554465, 0.548063)
gravity_scale = 0.0
linear_damp = 1.0

[node name="Agent-C24" parent="." instance=ExtResource("11_dnegi")]
transform = Transform3D(-0.999995, 0, 0.00300207, 0, 1, 0, -0.00300207, 0, -0.999995, -0.710618, -0.212644, 0.157791)
gravity_scale = 0.0
linear_damp = 1.0

[node name="Agent-B25" parent="." instance=ExtResource("10_60jk1")]
transform = Transform3D(-0.999995, 0, 0.00300207, 0, 1, 0, -0.00300207, 0, -0.999995, 0.0721628, -0.932005, -0.26081)
gravity_scale = 0.0
linear_damp = 1.0

[node name="Agent-B26" parent="." instance=ExtResource("10_60jk1")]
transform = Transform3D(-0.999995, 0, 0.00300207, 0, 1, 0, -0.00300207, 0, -0.999995, 0.0703367, -0.289335, 0.347465)
gravity_scale = 0.0
linear_damp = 1.0

[node name="Agent-B27" parent="." instance=ExtResource("10_60jk1")]
transform = Transform3D(-0.999995, 0, 0.00300207, 0, 1, 0, -0.00300207, 0, -0.999995, 0.813321, -0.932005, 0.349695)
gravity_scale = 0.0
linear_damp = 1.0

[node name="Agent-B28" parent="." instance=ExtResource("10_60jk1")]
transform = Transform3D(-0.999995, 0, 0.00300207, 0, 1, 0, -0.00300207, 0, -0.999995, 0.490825, -0.226839, 0.0581786)
gravity_scale = 0.0
linear_damp = 1.0

[node name="Agent-B29" parent="." instance=ExtResource("10_60jk1")]
transform = Transform3D(-0.999995, 0, 0.00300207, 0, 1, 0, -0.00300207, 0, -0.999995, -1.02615, -0.932005, 0.0448515)
gravity_scale = 0.0
linear_damp = 1.0

[node name="Agent-B30" parent="." instance=ExtResource("10_60jk1")]
transform = Transform3D(-0.999995, 0, 0.00300207, 0, 1, 0, -0.00300207, 0, -0.999995, 0.562056, -0.932005, 0.60111)
gravity_scale = 0.0
linear_damp = 1.0

[node name="Agent-B31" parent="." instance=ExtResource("10_60jk1")]
transform = Transform3D(-0.999995, 0, 0.00300207, 0, 1, 0, -0.00300207, 0, -0.999995, 0.503871, -0.932005, 0.0299079)
gravity_scale = 0.0
linear_damp = 1.0

[node name="Agent-B32" parent="." instance=ExtResource("10_60jk1")]
transform = Transform3D(-0.999995, 0, 0.00300207, 0, 1, 0, -0.00300207, 0, -0.999995, 0.0707453, -0.932005, 0.211383)
gravity_scale = 0.0
linear_damp = 1.0

[node name="Agent-C25" parent="." instance=ExtResource("11_dnegi")]
transform = Transform3D(-0.999995, 0, 0.00300207, 0, 1, 0, -0.00300207, 0, -0.999995, 0.880751, -0.839553, -0.186795)
gravity_scale = 0.0
linear_damp = 1.0

[node name="Agent-C26" parent="." instance=ExtResource("11_dnegi")]
transform = Transform3D(-0.999995, 0, 0.00300207, 0, 1, 0, -0.00300207, 0, -0.999995, -0.709784, -0.119454, -0.120298)
gravity_scale = 0.0
linear_damp = 1.0

[node name="Agent-C27" parent="." instance=ExtResource("11_dnegi")]
transform = Transform3D(-0.999995, 0, 0.00300207, 0, 1, 0, -0.00300207, 0, -0.999995, 0.453752, -0.489928, 0.348616)
gravity_scale = 0.0
linear_damp = 1.0

[node name="Agent-C28" parent="." instance=ExtResource("11_dnegi")]
transform = Transform3D(-0.999995, 0, 0.00300207, 0, 1, 0, -0.00300207, 0, -0.999995, 0.507967, -0.839553, -0.484444)
gravity_scale = 0.0
linear_damp = 1.0

[node name="Agent-C29" parent="." instance=ExtResource("11_dnegi")]
transform = Transform3D(-0.999995, 0, 0.00300207, 0, 1, 0, -0.00300207, 0, -0.999995, -0.257183, -1.16619, 0.0872827)
gravity_scale = 0.0
linear_damp = 1.0

[node name="Agent-C30" parent="." instance=ExtResource("11_dnegi")]
transform = Transform3D(-0.999995, 0, 0.00300207, 0, 1, 0, -0.00300207, 0, -0.999995, 0.592687, -0.546349, 0.905883)
gravity_scale = 0.0
linear_damp = 1.0

[node name="Agent-C31" parent="." instance=ExtResource("11_dnegi")]
transform = Transform3D(-0.999995, 0, 0.00300207, 0, 1, 0, -0.00300207, 0, -0.999995, -0.712352, -0.0724441, 0.735391)
gravity_scale = 0.0
linear_damp = 1.0

[node name="Agent-C32" parent="." instance=ExtResource("11_dnegi")]
transform = Transform3D(-0.999995, 0, 0.00300207, 0, 1, 0, -0.00300207, 0, -0.999995, -0.711181, -0.839553, 0.345119)
gravity_scale = 0.0
linear_damp = 1.0

[node name="Agent-B33" parent="." instance=ExtResource("10_60jk1")]
transform = Transform3D(-0.563915, 0.825833, 0, -0.825833, -0.563915, 0, 0, 0, 1, 0.139943, -0.176837, 0.403376)
gravity_scale = 0.0
linear_damp = 1.0

[node name="Agent-B34" parent="." instance=ExtResource("10_60jk1")]
transform = Transform3D(-0.563915, 0.825833, 0, -0.825833, -0.563915, 0, 0, 0, 1, 0.670681, -0.539248, -0.204902)
gravity_scale = 0.0
linear_damp = 1.0

[node name="Agent-B35" parent="." instance=ExtResource("10_60jk1")]
transform = Transform3D(-0.563915, 0.825833, 0, -0.825833, -0.563915, 0, 0, 0, 1, 0.558925, 0.436747, -0.204902)
gravity_scale = 0.0
linear_damp = 1.0

[node name="Agent-B36" parent="." instance=ExtResource("10_60jk1")]
transform = Transform3D(-0.563915, 0.825833, 0, -0.825833, -0.563915, 0, 0, 0, 1, 0.958921, -0.227956, 0.0856453)
gravity_scale = 0.0
linear_damp = 1.0

[node name="Agent-B37" parent="." instance=ExtResource("10_60jk1")]
transform = Transform3D(-0.563915, 0.825833, 0, -0.825833, -0.563915, 0, 0, 0, 1, -0.478891, -1.0831, 0.0944183)
gravity_scale = 0.0
linear_damp = 1.0

[node name="Agent-B38" parent="." instance=ExtResource("10_60jk1")]
transform = Transform3D(-0.563915, 0.825833, 0, -0.825833, -0.563915, 0, 0, 0, 1, 0.417659, 0.229868, -0.45707)
gravity_scale = 0.0
linear_damp = 1.0

[node name="Agent-B39" parent="." instance=ExtResource("10_60jk1")]
transform = Transform3D(-0.563915, 0.825833, 0, -0.825833, -0.563915, 0, 0, 0, 1, 0.383881, 0.180401, 0.113955)
gravity_scale = 0.0
linear_damp = 1.0

[node name="Agent-B40" parent="." instance=ExtResource("10_60jk1")]
transform = Transform3D(-0.563915, 0.825833, 0, -0.825833, -0.563915, 0, 0, 0, 1, 0.139943, -0.176837, -0.0688199)
gravity_scale = 0.0
linear_damp = 1.0

[node name="Agent-C33" parent="." instance=ExtResource("11_dnegi")]
transform = Transform3D(-0.563915, 0.825833, 0, -0.825833, -0.563915, 0, 0, 0, 1, 0.672391, 0.438968, 0.331788)
gravity_scale = 0.0
linear_damp = 1.0

[node name="Agent-C34" parent="." instance=ExtResource("11_dnegi")]
transform = Transform3D(-0.563915, 0.825833, 0, -0.825833, -0.563915, 0, 0, 0, 1, 0.370263, -1.28045, 0.260517)
gravity_scale = 0.0
linear_damp = 1.0

[node name="Agent-C35" parent="." instance=ExtResource("11_dnegi")]
transform = Transform3D(-0.563915, 0.825833, 0, -0.825833, -0.563915, 0, 0, 0, 1, 0.721239, -0.109492, -0.204902)
gravity_scale = 0.0
linear_damp = 1.0

[node name="Agent-C36" parent="." instance=ExtResource("11_dnegi")]
transform = Transform3D(-0.563915, 0.825833, 0, -0.825833, -0.563915, 0, 0, 0, 1, 0.46167, 0.130374, 0.628317)
gravity_scale = 0.0
linear_damp = 1.0

[node name="Agent-C37" parent="." instance=ExtResource("11_dnegi")]
transform = Transform3D(-0.563915, 0.825833, 0, -0.825833, -0.563915, 0, 0, 0, 1, -0.238589, -0.315896, 0.0542958)
gravity_scale = 0.0
linear_damp = 1.0

[node name="Agent-C38" parent="." instance=ExtResource("11_dnegi")]
transform = Transform3D(-0.563915, 0.825833, 0, -0.825833, -0.563915, 0, 0, 0, 1, 0.753935, 0.0384423, -0.761749)
gravity_scale = 0.0
linear_damp = 1.0

[node name="Agent-C39" parent="." instance=ExtResource("11_dnegi")]
transform = Transform3D(-0.563915, 0.825833, 0, -0.825833, -0.563915, 0, 0, 0, 1, 0.409085, -1.30696, -0.595176)
gravity_scale = 0.0
linear_damp = 1.0

[node name="Agent-C40" parent="." instance=ExtResource("11_dnegi")]
transform = Transform3D(-0.563915, 0.825833, 0, -0.825833, -0.563915, 0, 0, 0, 1, -0.224419, -0.874377, -0.204902)
gravity_scale = 0.0
linear_damp = 1.0

[node name="Agent-B41" parent="." instance=ExtResource("10_60jk1")]
transform = Transform3D(-0.563915, 0.825833, 0, -0.825833, -0.563915, 0, 0, 0, 1, -0.377779, 0.176687, 0.216047)
gravity_scale = 0.0
linear_damp = 1.0

[node name="Agent-B42" parent="." instance=ExtResource("10_60jk1")]
transform = Transform3D(-0.563915, 0.825833, 0, -0.825833, -0.563915, 0, 0, 0, 1, 0.152959, -0.185724, -0.392231)
gravity_scale = 0.0
linear_damp = 1.0

[node name="Agent-B43" parent="." instance=ExtResource("10_60jk1")]
transform = Transform3D(-0.563915, 0.825833, 0, -0.825833, -0.563915, 0, 0, 0, 1, 0.0412025, 0.79027, -0.392231)
gravity_scale = 0.0
linear_damp = 1.0

[node name="Agent-B44" parent="." instance=ExtResource("10_60jk1")]
transform = Transform3D(-0.563915, 0.825833, 0, -0.825833, -0.563915, 0, 0, 0, 1, 0.441199, 0.125568, -0.101683)
gravity_scale = 0.0
linear_damp = 1.0

[node name="Agent-B45" parent="." instance=ExtResource("10_60jk1")]
transform = Transform3D(-0.563915, 0.825833, 0, -0.825833, -0.563915, 0, 0, 0, 1, -0.996614, -0.729572, -0.0929103)
gravity_scale = 0.0
linear_damp = 1.0

[node name="Agent-B46" parent="." instance=ExtResource("10_60jk1")]
transform = Transform3D(-0.563915, 0.825833, 0, -0.825833, -0.563915, 0, 0, 0, 1, -0.100063, 0.583392, -0.644398)
gravity_scale = 0.0
linear_damp = 1.0

[node name="Agent-B47" parent="." instance=ExtResource("10_60jk1")]
transform = Transform3D(-0.563915, 0.825833, 0, -0.825833, -0.563915, 0, 0, 0, 1, -0.133841, 0.533925, -0.0733736)
gravity_scale = 0.0
linear_damp = 1.0

[node name="Agent-B48" parent="." instance=ExtResource("10_60jk1")]
transform = Transform3D(-0.563915, 0.825833, 0, -0.825833, -0.563915, 0, 0, 0, 1, -0.377779, 0.176687, -0.256149)
gravity_scale = 0.0
linear_damp = 1.0

[node name="Agent-C41" parent="." instance=ExtResource("11_dnegi")]
transform = Transform3D(-0.563915, 0.825833, 0, -0.825833, -0.563915, 0, 0, 0, 1, 0.154669, 0.792491, 0.144459)
gravity_scale = 0.0
linear_damp = 1.0

[node name="Agent-C42" parent="." instance=ExtResource("11_dnegi")]
transform = Transform3D(-0.563915, 0.825833, 0, -0.825833, -0.563915, 0, 0, 0, 1, -0.14746, -0.926929, 0.0731879)
gravity_scale = 0.0
linear_damp = 1.0

[node name="Agent-C43" parent="." instance=ExtResource("11_dnegi")]
transform = Transform3D(-0.563915, 0.825833, 0, -0.825833, -0.563915, 0, 0, 0, 1, 0.203517, 0.244032, -0.392231)
gravity_scale = 0.0
linear_damp = 1.0

[node name="Agent-C44" parent="." instance=ExtResource("11_dnegi")]
transform = Transform3D(-0.563915, 0.825833, 0, -0.825833, -0.563915, 0, 0, 0, 1, -0.0560527, 0.483897, 0.440988)
gravity_scale = 0.0
linear_damp = 1.0

[node name="Agent-C45" parent="." instance=ExtResource("11_dnegi")]
transform = Transform3D(-0.563915, 0.825833, 0, -0.825833, -0.563915, 0, 0, 0, 1, -0.756311, 0.037628, -0.133033)
gravity_scale = 0.0
linear_damp = 1.0

[node name="Agent-C46" parent="." instance=ExtResource("11_dnegi")]
transform = Transform3D(-0.563915, 0.825833, 0, -0.825833, -0.563915, 0, 0, 0, 1, 0.236213, 0.391966, -0.949078)
gravity_scale = 0.0
linear_damp = 1.0

[node name="Agent-C47" parent="." instance=ExtResource("11_dnegi")]
transform = Transform3D(-0.563915, 0.825833, 0, -0.825833, -0.563915, 0, 0, 0, 1, -0.108638, -0.953438, -0.782504)
gravity_scale = 0.0
linear_damp = 1.0

[node name="Agent-C48" parent="." instance=ExtResource("11_dnegi")]
transform = Transform3D(-0.563915, 0.825833, 0, -0.825833, -0.563915, 0, 0, 0, 1, -0.742141, -0.520854, -0.392231)
gravity_scale = 0.0
linear_damp = 1.0

[node name="Agent-B49" parent="." instance=ExtResource("10_60jk1")]
transform = Transform3D(0.563913, 0.825833, -0.00169292, 0.825829, -0.563915, -0.00247921, -0.00300208, 0, -0.999996, -0.32281, -0.395876, -0.65304)
gravity_scale = 0.0
linear_damp = 1.0

[node name="Agent-B50" parent="." instance=ExtResource("10_60jk1")]
transform = Transform3D(0.563913, 0.825833, -0.00169292, 0.825829, -0.563915, -0.00247921, -0.00300208, 0, -0.999996, 0.208958, -0.756779, -0.0447649)
gravity_scale = 0.0
linear_damp = 1.0

[node name="Agent-B51" parent="." instance=ExtResource("10_60jk1")]
transform = Transform3D(0.563913, 0.825833, -0.00169292, 0.825829, -0.563915, -0.00247921, -0.00300208, 0, -0.999996, -0.740761, -1.00795, -0.0425344)
gravity_scale = 0.0
linear_damp = 1.0

[node name="Agent-B52" parent="." instance=ExtResource("10_60jk1")]
transform = Transform3D(0.563913, 0.825833, -0.00169292, 0.825829, -0.563915, -0.00247921, -0.00300208, 0, -0.999996, 0.0234488, -1.13927, -0.334051)
gravity_scale = 0.0
linear_damp = 1.0

[node name="Agent-B53" parent="." instance=ExtResource("10_60jk1")]
transform = Transform3D(0.563913, 0.825833, -0.00169292, 0.825829, -0.563915, -0.00247921, -0.00300208, 0, -0.999996, 0.296544, 0.511146, -0.347378)
gravity_scale = 0.0
linear_damp = 1.0

[node name="Agent-B54" parent="." instance=ExtResource("10_60jk1")]
transform = Transform3D(0.563913, 0.825833, -0.00169292, 0.825829, -0.563915, -0.00247921, -0.00300208, 0, -0.999996, -0.599069, -0.800446, 0.20888)
gravity_scale = 0.0
linear_damp = 1.0

[node name="Agent-B55" parent="." instance=ExtResource("10_60jk1")]
transform = Transform3D(0.563913, 0.825833, -0.00169292, 0.825829, -0.563915, -0.00247921, -0.00300208, 0, -0.999996, -0.566257, -0.752395, -0.362322)
gravity_scale = 0.0
linear_damp = 1.0

[node name="Agent-B56" parent="." instance=ExtResource("10_60jk1")]
transform = Transform3D(0.563913, 0.825833, -0.00169292, 0.825829, -0.563915, -0.00247921, -0.00300208, 0, -0.999996, -0.322011, -0.394705, -0.180846)
gravity_scale = 0.0
linear_damp = 1.0

[node name="Agent-C49" parent="." instance=ExtResource("11_dnegi")]
transform = Transform3D(0.563913, 0.825833, -0.00169292, 0.825829, -0.563915, -0.00247921, -0.00300208, 0, -0.999996, -0.702436, -1.11577, -0.579024)
gravity_scale = 0.0
linear_damp = 1.0

[node name="Agent-C50" parent="." instance=ExtResource("11_dnegi")]
transform = Transform3D(0.563913, 0.825833, -0.00169292, 0.825829, -0.563915, -0.00247921, -0.00300208, 0, -0.999996, 0.789173, -0.208329, -0.512527)
gravity_scale = 0.0
linear_damp = 1.0

[node name="Agent-C51" parent="." instance=ExtResource("11_dnegi")]
transform = Transform3D(0.563913, 0.825833, -0.00169292, 0.825829, -0.563915, -0.00247921, -0.00300208, 0, -0.999996, -0.172913, -0.960299, -0.0436139)
gravity_scale = 0.0
linear_damp = 1.0

[node name="Agent-C52" parent="." instance=ExtResource("11_dnegi")]
transform = Transform3D(0.563913, 0.825833, -0.00169292, 0.825829, -0.563915, -0.00247921, -0.00300208, 0, -0.999996, -0.492217, -0.807912, -0.876674)
gravity_scale = 0.0
linear_damp = 1.0

[node name="Agent-C53" parent="." instance=ExtResource("11_dnegi")]
transform = Transform3D(0.563913, 0.825833, -0.00169292, 0.825829, -0.563915, -0.00247921, -0.00300208, 0, -0.999996, -0.330486, 0.0081702, -0.304947)
gravity_scale = 0.0
linear_damp = 1.0

[node name="Agent-C54" parent="." instance=ExtResource("11_dnegi")]
transform = Transform3D(0.563913, 0.825833, -0.00169292, 0.825829, -0.563915, -0.00247921, -0.00300208, 0, -0.999996, -0.297855, -1.04322, 0.513653)
gravity_scale = 0.0
linear_damp = 1.0

[node name="Agent-C55" parent="." instance=ExtResource("11_dnegi")]
transform = Transform3D(0.563913, 0.825833, -0.00169292, 0.825829, -0.563915, -0.00247921, -0.00300208, 0, -0.999996, 0.829443, -0.232717, 0.343161)
gravity_scale = 0.0
linear_damp = 1.0

[node name="Agent-C56" parent="." instance=ExtResource("11_dnegi")]
transform = Transform3D(0.563913, 0.825833, -0.00169292, 0.825829, -0.563915, -0.00247921, -0.00300208, 0, -0.999996, 0.195279, 0.1989, -0.0471111)
gravity_scale = 0.0
linear_damp = 1.0

[node name="Agent-B57" parent="." instance=ExtResource("10_60jk1")]
transform = Transform3D(0.563913, 0.825833, -0.00169292, 0.825829, -0.563915, -0.00247921, -0.00300208, 0, -0.999996, -0.840215, -0.0418876, -0.465712)
gravity_scale = 0.0
linear_damp = 1.0

[node name="Agent-B58" parent="." instance=ExtResource("10_60jk1")]
transform = Transform3D(0.563913, 0.825833, -0.00169292, 0.825829, -0.563915, -0.00247921, -0.00300208, 0, -0.999996, -0.308448, -0.402791, 0.142563)
gravity_scale = 0.0
linear_damp = 1.0

[node name="Agent-B59" parent="." instance=ExtResource("10_60jk1")]
transform = Transform3D(0.563913, 0.825833, -0.00169292, 0.825829, -0.563915, -0.00247921, -0.00300208, 0, -0.999996, -1.25817, -0.65396, 0.144793)
gravity_scale = 0.0
linear_damp = 1.0

[node name="Agent-B60" parent="." instance=ExtResource("10_60jk1")]
transform = Transform3D(0.563913, 0.825833, -0.00169292, 0.825829, -0.563915, -0.00247921, -0.00300208, 0, -0.999996, -0.493956, -0.785287, -0.146723)
gravity_scale = 0.0
linear_damp = 1.0

[node name="Agent-B61" parent="." instance=ExtResource("10_60jk1")]
transform = Transform3D(0.563913, 0.825833, -0.00169292, 0.825829, -0.563915, -0.00247921, -0.00300208, 0, -0.999996, -0.220861, 0.865134, -0.16005)
gravity_scale = 0.0
linear_damp = 1.0

[node name="Agent-B62" parent="." instance=ExtResource("10_60jk1")]
transform = Transform3D(0.563913, 0.825833, -0.00169292, 0.825829, -0.563915, -0.00247921, -0.00300208, 0, -0.999996, -1.11647, -0.446457, 0.396208)
gravity_scale = 0.0
linear_damp = 1.0

[node name="Agent-B63" parent="." instance=ExtResource("10_60jk1")]
transform = Transform3D(0.563913, 0.825833, -0.00169292, 0.825829, -0.563915, -0.00247921, -0.00300208, 0, -0.999996, -1.08366, -0.398407, -0.174994)
gravity_scale = 0.0
linear_damp = 1.0

[node name="Agent-B64" parent="." instance=ExtResource("10_60jk1")]
transform = Transform3D(0.563913, 0.825833, -0.00169292, 0.825829, -0.563915, -0.00247921, -0.00300208, 0, -0.999996, -0.839416, -0.0407169, 0.0064815)
gravity_scale = 0.0
linear_damp = 1.0

[node name="Agent-C57" parent="." instance=ExtResource("11_dnegi")]
transform = Transform3D(0.563913, 0.825833, -0.00169292, 0.825829, -0.563915, -0.00247921, -0.00300208, 0, -0.999996, -1.21984, -0.761782, -0.391697)
gravity_scale = 0.0
linear_damp = 1.0

[node name="Agent-C58" parent="." instance=ExtResource("11_dnegi")]
transform = Transform3D(0.563913, 0.825833, -0.00169292, 0.825829, -0.563915, -0.00247921, -0.00300208, 0, -0.999996, 0.271768, 0.145659, -0.3252)
gravity_scale = 0.0
linear_damp = 1.0

[node name="Agent-C59" parent="." instance=ExtResource("11_dnegi")]
transform = Transform3D(0.563913, 0.825833, -0.00169292, 0.825829, -0.563915, -0.00247921, -0.00300208, 0, -0.999996, -0.690318, -0.606311, 0.143714)
gravity_scale = 0.0
linear_damp = 1.0

[node name="Agent-C60" parent="." instance=ExtResource("11_dnegi")]
transform = Transform3D(0.563913, 0.825833, -0.00169292, 0.825829, -0.563915, -0.00247921, -0.00300208, 0, -0.999996, -1.00962, -0.453924, -0.689346)
gravity_scale = 0.0
linear_damp = 1.0

[node name="Agent-C61" parent="." instance=ExtResource("11_dnegi")]
transform = Transform3D(0.563913, 0.825833, -0.00169292, 0.825829, -0.563915, -0.00247921, -0.00300208, 0, -0.999996, -0.847891, 0.362158, -0.117619)
gravity_scale = 0.0
linear_damp = 1.0

[node name="Agent-C62" parent="." instance=ExtResource("11_dnegi")]
transform = Transform3D(0.563913, 0.825833, -0.00169292, 0.825829, -0.563915, -0.00247921, -0.00300208, 0, -0.999996, -0.81526, -0.68923, 0.700981)
gravity_scale = 0.0
linear_damp = 1.0

[node name="Agent-C63" parent="." instance=ExtResource("11_dnegi")]
transform = Transform3D(0.563913, 0.825833, -0.00169292, 0.825829, -0.563915, -0.00247921, -0.00300208, 0, -0.999996, 0.312038, 0.121271, 0.530489)
gravity_scale = 0.0
linear_damp = 1.0

[node name="Agent-C64" parent="." instance=ExtResource("11_dnegi")]
transform = Transform3D(0.563913, 0.825833, -0.00169292, 0.825829, -0.563915, -0.00247921, -0.00300208, 0, -0.999996, -0.322126, 0.552888, 0.140217)
gravity_scale = 0.0
linear_damp = 1.0

[node name="Agent-B65" parent="." instance=ExtResource("10_60jk1")]
transform = Transform3D(0.453084, 0.150065, 0.878746, -0.761323, 0.577966, 0.293841, -0.46379, -0.802145, 0.376115, 0.335366, 0.222179, 0.156825)
gravity_scale = 0.0
linear_damp = 1.0

[node name="Agent-B66" parent="." instance=ExtResource("10_60jk1")]
transform = Transform3D(0.453084, 0.150065, 0.878746, -0.761323, 0.577966, 0.293841, -0.46379, -0.802145, 0.376115, -0.102714, 0.414884, -0.587472)
gravity_scale = 0.0
linear_damp = 1.0

[node name="Agent-B67" parent="." instance=ExtResource("10_60jk1")]
transform = Transform3D(0.453084, 0.150065, 0.878746, -0.761323, 0.577966, 0.293841, -0.46379, -0.802145, 0.376115, -0.535792, 0.609096, 0.272633)
gravity_scale = 0.0
linear_damp = 1.0

[node name="Agent-B68" parent="." instance=ExtResource("10_60jk1")]
transform = Transform3D(0.453084, 0.150065, 0.878746, -0.761323, 0.577966, 0.293841, -0.46379, -0.802145, 0.376115, -0.0281408, 0.855844, -0.333708)
gravity_scale = 0.0
linear_damp = 1.0

[node name="Agent-B69" parent="." instance=ExtResource("10_60jk1")]
transform = Transform3D(0.453084, 0.150065, 0.878746, -0.761323, 0.577966, 0.293841, -0.46379, -0.802145, 0.376115, 0.56108, -0.704073, -0.468337)
gravity_scale = 0.0
linear_damp = 1.0

[node name="Agent-B70" parent="." instance=ExtResource("10_60jk1")]
transform = Transform3D(0.453084, 0.150065, 0.878746, -0.761323, 0.577966, 0.293841, -0.46379, -0.802145, 0.376115, -0.643882, 0.34428, 0.0616055)
gravity_scale = 0.0
linear_damp = 1.0

[node name="Agent-B71" parent="." instance=ExtResource("10_60jk1")]
transform = Transform3D(0.453084, 0.150065, 0.878746, -0.761323, 0.577966, 0.293841, -0.46379, -0.802145, 0.376115, -0.114956, 0.466468, 0.248596)
gravity_scale = 0.0
linear_damp = 1.0

[node name="Agent-B72" parent="." instance=ExtResource("10_60jk1")]
transform = Transform3D(0.453084, 0.150065, 0.878746, -0.761323, 0.577966, 0.293841, -0.46379, -0.802145, 0.376115, -0.0795746, 0.0834286, -0.0207747)
gravity_scale = 0.0
linear_damp = 1.0

[node name="Agent-C65" parent="." instance=ExtResource("11_dnegi")]
transform = Transform3D(0.453084, 0.150065, 0.878746, -0.761323, 0.577966, 0.293841, -0.46379, -0.802145, 0.376115, -0.0801257, 0.870341, 0.430857)
gravity_scale = 0.0
linear_damp = 1.0

[node name="Agent-C66" parent="." instance=ExtResource("11_dnegi")]
transform = Transform3D(0.453084, 0.150065, 0.878746, -0.761323, 0.577966, 0.293841, -0.46379, -0.802145, 0.376115, 0.685859, 0.0548377, -0.911152)
gravity_scale = 0.0
linear_damp = 1.0

[node name="Agent-C67" parent="." instance=ExtResource("11_dnegi")]
transform = Transform3D(0.453084, 0.150065, 0.878746, -0.761323, 0.577966, 0.293841, -0.46379, -0.802145, 0.376115, -0.306536, 0.590852, -0.248742)
gravity_scale = 0.0
linear_damp = 1.0

[node name="Agent-C68" parent="." instance=ExtResource("11_dnegi")]
transform = Transform3D(0.453084, 0.150065, 0.878746, -0.761323, 0.577966, 0.293841, -0.46379, -0.802145, 0.376115, 0.349755, 0.672985, 0.369078)
gravity_scale = 0.0
linear_damp = 1.0

[node name="Agent-C69" parent="." instance=ExtResource("11_dnegi")]
transform = Transform3D(0.453084, 0.150065, 0.878746, -0.761323, 0.577966, 0.293841, -0.46379, -0.802145, 0.376115, 0.142217, -0.265689, 0.0611202)
gravity_scale = 0.0
linear_damp = 1.0

[node name="Agent-C70" parent="." instance=ExtResource("11_dnegi")]
transform = Transform3D(0.453084, 0.150065, 0.878746, -0.761323, 0.577966, 0.293841, -0.46379, -0.802145, 0.376115, -0.868037, 0.501666, -0.34771)
gravity_scale = 0.0
linear_damp = 1.0

[node name="Agent-C71" parent="." instance=ExtResource("11_dnegi")]
transform = Transform3D(0.453084, 0.150065, 0.878746, -0.761323, 0.577966, 0.293841, -0.46379, -0.802145, 0.376115, -0.0590232, -0.169429, -1.2707)
gravity_scale = 0.0
linear_damp = 1.0

[node name="Agent-C72" parent="." instance=ExtResource("11_dnegi")]
transform = Transform3D(0.453084, 0.150065, 0.878746, -0.761323, 0.577966, 0.293841, -0.46379, -0.802145, 0.376115, 0.168812, -0.498114, -0.508579)
gravity_scale = 0.0
linear_damp = 1.0

[node name="Agent-B73" parent="." instance=ExtResource("10_60jk1")]
transform = Transform3D(0.453084, 0.150065, 0.878746, -0.761323, 0.577966, 0.293841, -0.46379, -0.802145, 0.376115, 0.0766746, -0.195198, 0.58924)
gravity_scale = 0.0
linear_damp = 1.0

[node name="Agent-B74" parent="." instance=ExtResource("10_60jk1")]
transform = Transform3D(0.453084, 0.150065, 0.878746, -0.761323, 0.577966, 0.293841, -0.46379, -0.802145, 0.376115, -0.361405, -0.00249337, -0.155057)
gravity_scale = 0.0
linear_damp = 1.0

[node name="Agent-B75" parent="." instance=ExtResource("10_60jk1")]
transform = Transform3D(0.453084, 0.150065, 0.878746, -0.761323, 0.577966, 0.293841, -0.46379, -0.802145, 0.376115, -0.794483, 0.191719, 0.705048)
gravity_scale = 0.0
linear_damp = 1.0

[node name="Agent-B76" parent="." instance=ExtResource("10_60jk1")]
transform = Transform3D(0.453084, 0.150065, 0.878746, -0.761323, 0.577966, 0.293841, -0.46379, -0.802145, 0.376115, -0.286832, 0.438467, 0.0987066)
gravity_scale = 0.0
linear_damp = 1.0

[node name="Agent-B77" parent="." instance=ExtResource("10_60jk1")]
transform = Transform3D(0.453084, 0.150065, 0.878746, -0.761323, 0.577966, 0.293841, -0.46379, -0.802145, 0.376115, 0.302389, -1.12145, -0.0359217)
gravity_scale = 0.0
linear_damp = 1.0

[node name="Agent-B78" parent="." instance=ExtResource("10_60jk1")]
transform = Transform3D(0.453084, 0.150065, 0.878746, -0.761323, 0.577966, 0.293841, -0.46379, -0.802145, 0.376115, -0.902573, -0.0730965, 0.49402)
gravity_scale = 0.0
linear_damp = 1.0

[node name="Agent-B79" parent="." instance=ExtResource("10_60jk1")]
transform = Transform3D(0.453084, 0.150065, 0.878746, -0.761323, 0.577966, 0.293841, -0.46379, -0.802145, 0.376115, -0.373648, 0.049091, 0.681011)
gravity_scale = 0.0
linear_damp = 1.0

[node name="Agent-B80" parent="." instance=ExtResource("10_60jk1")]
transform = Transform3D(0.453084, 0.150065, 0.878746, -0.761323, 0.577966, 0.293841, -0.46379, -0.802145, 0.376115, -0.338266, -0.333948, 0.41164)
gravity_scale = 0.0
linear_damp = 1.0

[node name="Agent-C73" parent="." instance=ExtResource("11_dnegi")]
transform = Transform3D(0.453084, 0.150065, 0.878746, -0.761323, 0.577966, 0.293841, -0.46379, -0.802145, 0.376115, -0.338817, 0.452964, 0.863272)
gravity_scale = 0.0
linear_damp = 1.0

[node name="Agent-C74" parent="." instance=ExtResource("11_dnegi")]
transform = Transform3D(0.453084, 0.150065, 0.878746, -0.761323, 0.577966, 0.293841, -0.46379, -0.802145, 0.376115, 0.427167, -0.362539, -0.478737)
gravity_scale = 0.0
linear_damp = 1.0

[node name="Agent-C75" parent="." instance=ExtResource("11_dnegi")]
transform = Transform3D(0.453084, 0.150065, 0.878746, -0.761323, 0.577966, 0.293841, -0.46379, -0.802145, 0.376115, -0.565228, 0.173475, 0.183673)
gravity_scale = 0.0
linear_damp = 1.0

[node name="Agent-C76" parent="." instance=ExtResource("11_dnegi")]
transform = Transform3D(0.453084, 0.150065, 0.878746, -0.761323, 0.577966, 0.293841, -0.46379, -0.802145, 0.376115, 0.0910634, 0.255608, 0.801493)
gravity_scale = 0.0
linear_damp = 1.0

[node name="Agent-C77" parent="." instance=ExtResource("11_dnegi")]
transform = Transform3D(0.453084, 0.150065, 0.878746, -0.761323, 0.577966, 0.293841, -0.46379, -0.802145, 0.376115, -0.116474, -0.683066, 0.493535)
gravity_scale = 0.0
linear_damp = 1.0

[node name="Agent-C78" parent="." instance=ExtResource("11_dnegi")]
transform = Transform3D(0.453084, 0.150065, 0.878746, -0.761323, 0.577966, 0.293841, -0.46379, -0.802145, 0.376115, -1.12673, 0.0842886, 0.0847049)
gravity_scale = 0.0
linear_damp = 1.0

[node name="Agent-C79" parent="." instance=ExtResource("11_dnegi")]
transform = Transform3D(0.453084, 0.150065, 0.878746, -0.761323, 0.577966, 0.293841, -0.46379, -0.802145, 0.376115, -0.317715, -0.586806, -0.838284)
gravity_scale = 0.0
linear_damp = 1.0

